drwxrwxr-x   10 54455    54457        4096 Oct 01  2015 .
drwx------    5 54455    54457        4096 Aug 03 13:50 ..
drwxrwxr-x    2 54455    54457        4096 Oct 01  2015 011015
drwxrwxr-x    2 54455    54457        4096 Oct 01  2015 030915
drwxrwxr-x    2 54455    54457        4096 Jul 30  2015 090715
drwxrwxr-x    2 54455    54457        4096 Aug 29  2015 130815
drwxrwxr-x    2 54455    54457        4096 Jul 30  2015 230715
drwxrwxr-x    2 54455    54457        4096 Jul 30  2015 250615
drwxrwxr-x    2 54455    54457        4096 Aug 29  2015 290815
drwxrwxr-x    2 54455    54457        4096 Oct 01  2015 300715
